2,10,-1,7,5,7,10,-1,-1,1,2,7,2,7,11
10,1,6,4,4,11,8,3,9,2,2,2,7,7,7
5,6,6,6,5,3,1,4,7,10,9,9,9,11,8
1,2,8,11,6,5,10,7,8,8,9,2,2,4,1
9,9,8,3,8,5,10,9,1,5,1,3,6,9,2
3,2,8,3,2,7,-1,-1,2,8,-1,3,11,2,7
1,1,8,1,7,4,10,6,6,11,3,10,2,10,11
9,5,2,9,1,4,8,1,8,2,1,9,5,4,11
4,9,3,1,9,11,9,11,9,7,3,4,5,9,6
5,10,11,11,8,4,3,8,5,3,11,6,1,4,11
4,-1,-1,11,2,1,2,3,1,11,11,4,8,8,1
2,1,4,2,4,1,10,11,8,3,3,11,1,3,4
4,11,5,4,11,11,6,1,2,7,5,1,3,1,2
8,3,3,1,9,8,4,7,7,5,2,2,4,4,10
1,1,9,9,5,1,8,3,6,11,2,11,4,5,5 
0,0 
14,14 

rdown down down down down down right down right down right right down down right right right right down right right down right right right down down right 
end
2,10,-1,7,5,7,10,-1,-1,1,2,7,2,7,11,10,-1,6,4,4
11,8,3,9,2,2,2,7,7,7,5,6,6,6,5,3,1,4,7,10
9,9,9,11,8,1,2,8,11,6,5,10,7,8,8,9,2,2,4,1
9,9,8,3,8,5,10,9,1,5,1,3,6,9,2,3,2,8,3,2
7,1,1,2,8,1,3,11,2,7,1,1,8,1,7,4,10,6,6,11
3,10,2,10,11,-1,5,2,-1,-1,4,8,1,8,2,1,-1,5,4,11
4,9,3,1,9,11,9,11,9,7,3,4,5,9,6,5,10,11,11,8
4,3,8,5,3,11,6,1,4,11,4,9,1,11,2,1,2,3,1,11
11,4,8,8,1,2,1,4,2,4,1,10,11,8,3,3,11,1,3,4
4,11,5,4,11,11,6,1,2,7,5,1,3,1,2,8,3,3,1,9
8,4,7,7,5,2,2,4,4,10,-1,-1,-1,-1,5,-1,8,3,6,11
2,11,4,5,4,6,5,11,2,10,9,2,6,8,1,3,3,4,8,11
2,1,11,3,10,8,4,10,11,10,9,1,1,6,10,5,1,8,4,6
6,5,8,4,6,2,8,9,6,8,1,1,8,11,3,10,8,11,9,11
9,10,1,2,4,3,7,5,11,4,3,9,1,1,2,7,2,2,8,1
10,8,-1,6,-1,7,-1,-1,7,6,11,8,4,4,3,-1,8,2,6,11
6,9,1,1,1,7,11,7,9,8,7,7,8,11,5,1,11,2,1,10
1,4,10,5,8,1,6,8,4,1,8,2,1,9,2,7,4,2,2,5
2,2,1,2,5,9,3,4,1,7,2,4,11,5,9,8,6,7,4,10
11,4,1,1,5,7,8,1,1,2,6,3,4,10,10,2,8,1,6,5 
0,0 
19,19 

rdown down down down right right down down right down right down right right right right right right down right right right right down down right right down down down right down down right down down down right 
end
