-1,1,1,6,10,5,-1,8,4,6,6,5,8,4,6,2,8,-1,6,8,-1,-1,8,11,3
10,8,11,9,11,9,10,1,2,4,3,7,5,11,4,3,9,1,1,2,7,2,2,8,1
1,1,4,1,6,6,1,1,1,8,3,1,1,8,6,6,7,6,8,9,8,6,1,5,5
10,7,1,3,5,5,4,6,9,8,4,7,8,9,9,4,1,2,9,1,8,8,7,2,8
1,5,1,11,7,9,4,10,11,5,9,11,4,1,11,11,1,9,10,6,8,9,9,2,8
4,9,1,11,2,1,2,3,1,11,11,4,8,8,1,2,1,4,2,4,1,10,11,8,3
10,7,1,7,5,7,10,10,1,7,3,10,6,2,8,7,5,3,5,5,10,11,7,7,5
0,0
10,8,1,6,1,7,9,1,7,6,11,8,4,4,3,9,8,2,6,11,6,9,1,1,1
7,11,7,9,8,7,7,8,11,5,1,11,2,1,10,1,4,10,5,8,1,6,8,4,1
11,-1,11,-1,7,3,4,5,-1,6,5,10,11,11,8,4,3,8,5,3,11,6,-1,4,11
4,2,2,9,7,7,11,2,1,3,8,5,11,6,7,11,11,2,7,8,3,3,1,5,1
2,1,9,2,11,5,8,9,3,4,10,10,10,4,8,9,6,4,1,5,9,7,5,6,5
3,1,2,5,5,9,7,7,6,9,10,3,9,1,7,2,10,5,1,6,5,1,1,9,6
2,10,-1,7,5,7,10,-1,-1,1,2,7,2,7,11,10,-1,6,4,4,11,8,3,-1,2
2,2,7,7,7,5,6,6,6,5,3,1,4,7,10,9,9,9,11,8,1,2,8,11,6
2,10,-1,7,5,7,10,-1,-1,1,2,7,2,7,11,10,-1,6,4,4,11,8,3,-1,2
2,2,7,7,7,5,6,6,6,5,3,1,4,7,10,9,9,9,11,8,1,2,8,11,6
5,10,7,8,8,9,2,2,4,1,9,9,8,3,8,5,10,9,1,5,1,3,6,9,2
3,2,8,3,2,7,1,1,2,8,1,3,11,2,7,1,1,8,1,7,4,10,6,6,11
3,10,2,10,11,9,5,2,9,1,4,8,1,8,2,1,9,5,4,11,4,9,3,1,9
11,-1,11,-1,7,3,4,5,-1,6,5,10,11,11,8,4,3,8,5,3,11,6,-1,4,11
4,9,1,11,2,1,2,3,1,11,11,4,8,8,1,2,1,4,2,4,1,10,11,8,3
3,11,1,3,4,4,11,5,4,11,11,6,1,2,7,5,1,3,1,2,8,3,3,1,9
8,4,7,7,5,2,2,4,4,10,1,1,9,9,5,1,8,3,6,11,2,11,4,5,4
6,5,11,2,10,9,2,6,8,1,3,3,4,8,11,2,1,11,3,10,8,4,10,11,10
-1,1,1,6,10,5,-1,8,4,6,6,5,8,4,6,2,8,-1,6,8,-1,-1,8,11,3
10,8,11,9,11,9,10,1,2,4,3,7,5,11,4,3,9,1,1,2,7,2,2,8,1
10,8,1,6,1,7,9,1,7,6,11,8,4,4,3,9,8,2,6,11,6,9,1,1,1
7,11,7,9,8,7,7,8,11,5,1,11,2,1,10,1,4,10,5,8,1,6,8,4,1
8,2,1,9,2,7,4,2,2,5,2,2,1,2,5,9,3,4,1,7,2,4,11,5,9
8,6,7,4,10,11,4,1,1,5,7,8,1,1,2,6,3,4,10,10,2,8,1,6,-1
1,1,4,1,6,6,1,1,1,8,3,1,1,8,6,6,7,6,8,9,8,6,1,5,5
10,7,1,3,5,5,4,6,9,8,4,7,8,9,9,4,1,2,9,1,8,8,7,2,8
4,2,2,9,7,7,11,2,1,3,8,5,11,6,7,11,11,2,7,8,3,3,1,5,1
1,5,1,11,7,9,4,10,11,5,9,11,4,1,11,11,1,9,10,6,8,9,9,2,8
5,6,-1,-1,3,5,-1,-1,6,-1,8,3,5,6,6,10,4,5,2,8,-1,2,8,10,4
6,6,6,4,8,6,1,6,10,11,10,3,1,11,1,1,7,8,10,6,7,8,2,1,3
2,1,9,2,11,5,8,9,3,4,10,10,10,4,8,9,6,4,1,5,9,7,5,6,5
3,1,2,5,5,9,7,7,6,9,10,3,9,1,7,2,10,5,1,6,5,1,1,9,6
10,7,1,7,5,7,10,10,1,7,3,10,6,2,8,7,5,3,5,5,10,11,7,7,5 
0,0 
24,24 

down down down right right right right right right right right right right right down right right right right down down right down right right down down down down right right right right down right down down down down down down right down down down down down down 
24,24
down
3,10,2,10,11,9,5,2,9,1,4,8,1,8,2,1,9,5,4,11,4,9,3,1,9
11,-1,11,-1,7,3,4,5,-1,6,5,10,11,11,8,4,3,8,5,3,11,6,-1,4,11
3,11,1,3,4,4,11,5,4,11,11,6,1,2,7,5,1,3,1,2,8,3,3,1,9
5,10,7,8,8,9,2,2,4,1,9,9,8,3,8,5,10,9,1,5,1,3,6,9,2
3,2,8,3,2,7,1,1,2,8,1,3,11,2,7,1,1,8,1,7,4,10,6,6,11
5,6,-1,-1,3,5,-1,-1,6,-1,8,3,5,6,6,10,4,5,2,8,-1,2,8,10,4
4,2,2,9,7,7,11,2,1,3,8,5,11,6,7,11,11,2,7,8,3,3,1,5,1
1,5,1,11,7,9,4,10,11,5,9,11,4,1,11,11,1,9,10,6,8,9,9,2,8
4,9,1,11,2,1,2,3,1,11,11,4,8,8,1,2,1,4,2,4,1,10,11,8,3
3,11,1,3,4,4,11,5,4,11,11,6,1,2,7,5,1,3,1,2,8,3,3,1,9
5,10,7,8,8,9,2,2,4,1,9,9,8,3,8,5,10,9,1,5,1,3,6,9,2
3,2,8,3,2,7,1,1,2,8,1,3,11,2,7,1,1,8,1,7,4,10,6,6,11
5,6,-1,-1,3,5,-1,-1,6,-1,8,3,5,6,6,10,4,5,2,8,-1,2,8,10,4
6,6,6,4,8,6,1,6,10,11,10,3,1,11,1,1,7,8,10,6,7,8,2,1,3
6,5,11,2,10,9,2,6,8,1,3,3,4,8,11,2,1,11,3,10,8,4,10,11,10
8,6,7,4,10,11,4,1,1,5,7,8,1,1,2,6,3,4,10,10,2,8,1,6,-1
6,6,6,4,8,6,1,6,10,11,10,3,1,11,1,1,7,8,10,6,7,8,2,1,3
6,5,11,2,10,9,2,6,8,1,3,3,4,8,11,2,1,11,3,10,8,4,10,11,10
8,2,1,9,2,7,4,2,2,5,2,2,1,2,5,9,3,4,1,7,2,4,11,5,9
8,6,7,4,10,11,4,1,1,5,7,8,1,1,2,6,3,4,10,10,2,8,1,6,-1
8,4,7,7,5,2,2,4,4,10,1,1,9,9,5,1,8,3,6,11,2,11,4,5,4
6,5,11,2,10,9,2,6,8,1,3,3,4,8,11,2,1,11,3,10,8,4,10,11,10
8,6,7,4,10,11,4,1,1,5,7,8,1,1,2,6,3,4,10,10,2,8,1,6,-1
8,4,7,7,5,2,2,4,4,10,1,1,9,9,5,1,8,3,6,11,2,11,4,5,4
down
down
right
right
